{
 "cells": [
  {
   "cell_type": "code",
   "execution_count": 17,
   "id": "05e38b3e-35b2-4f5a-bef9-603504826ee4",
   "metadata": {},
   "outputs": [
    {
     "name": "stdout",
     "output_type": "stream",
     "text": [
      "The Vertex Set of the Graph Is：[0, 1, 2, 3, 4, 5, 6, 7]\n",
      "The Edge Set of the Graph Is：[(0, 2), (0, 3), (0, 4), (0, 5), (0, 6), (0, 7), (1, 3), (1, 4), (1, 6), (1, 7), (2, 3), (2, 7), (3, 4), (3, 6), (4, 6), (4, 7), (5, 6), (5, 7), (6, 7)]\n",
      "Node Weights: {'0': 11, '1': 1, '2': 5, '3': 19, '4': 17, '5': 17, '6': 1, '7': 17}\n",
      "Lower Bound Found by the Greedy Algorithm： 00101000\n",
      "The Number of Lower Bound Points K1 Found by the Greedy Algorithm Is： 2\n",
      "The Lower Bound Weight Found by the Greedy Algorithm Is： 36\n",
      "[[-2.81136101e-07 -4.53553266e-08 -2.95146012e-11  2.08289075e-13\n",
      "  -3.64697901e-12 -2.95146018e-11  2.08288937e-13  2.08295193e-13]\n",
      " [-4.53553266e-08  1.64521389e-01  1.64522159e-01  1.12838351e-11\n",
      "   1.79827667e-10  1.64522162e-01  1.20705464e-11 -4.97942049e-12]\n",
      " [-2.95146012e-11  1.64522159e-01  3.33334203e-01  2.33175750e-11\n",
      "   1.68812074e-01  3.33334494e-01  5.34325252e-08 -1.10589629e-11]\n",
      " [ 2.08289075e-13  1.12838351e-11  2.33175750e-11 -2.81136110e-07\n",
      "   1.22420157e-11  4.91841212e-08  2.08296784e-13  4.57656495e-09]\n",
      " [-3.64697901e-12  1.79827667e-10  1.68812074e-01  1.22420157e-11\n",
      "   1.68811319e-01  1.68812077e-01  1.36562201e-11 -5.87123986e-12]\n",
      " [-2.95146018e-11  1.64522162e-01  3.33334494e-01  4.91841212e-08\n",
      "   1.68812077e-01  3.33334215e-01  2.55184938e-11 -1.10589630e-11]\n",
      " [ 2.08288937e-13  1.20705464e-11  5.34325252e-08  2.08296784e-13\n",
      "   1.36562201e-11  2.55184938e-11 -2.81136108e-07  2.08291502e-13]\n",
      " [ 2.08295193e-13 -4.97942049e-12 -1.10589629e-11  4.57656495e-09\n",
      "  -5.87123986e-12 -1.10589630e-11  2.08291502e-13 -2.81136114e-07]]\n",
      "The Number of Upper Bound Points Kl Found by Semidefinite Programming Is： 3\n",
      "The Upper Bound Weight Found by Semidefinite Programming Is： 57\n"
     ]
    }
   ],
   "source": [
    "import numpy as np\n",
    "import networkx as nx\n",
    "import cvxpy as cp\n",
    "import pickle\n",
    "\n",
    "# Reading the Saved Random Graph\n",
    "with open('random_graph.pkl', 'rb') as f:\n",
    "    G, n, p = pickle.load(f)\n",
    "\n",
    "# Retrieving Node Weights\n",
    "w = {str(node): G.nodes[node]['weight'] for node in G.nodes()}\n",
    "\n",
    "print(f'The Vertex Set of the Graph Is：{list(G.nodes)}')\n",
    "print(f'The Edge Set of the Graph Is：{list(G.edges)}')\n",
    "print(f'Node Weights: {w}')\n",
    "\n",
    "# Greedy Algorithm\n",
    "def greedy_mis(graph, w):\n",
    "    i_set = set()\n",
    "    sorted_graph = sorted(graph, key=lambda node: w[str(node)], reverse=True)\n",
    "    for v in sorted_graph:\n",
    "        i_set.add(v)\n",
    "        if len(graph[v]) != 0:\n",
    "            for w in graph[v]:\n",
    "                if w in sorted_graph:\n",
    "                    sorted_graph.remove(w)\n",
    "    return i_set\n",
    "\n",
    "# Converting Graph to Adjacency Matrix\n",
    "nodes = list(G.nodes())\n",
    "num_nodes = len(nodes)\n",
    "adj = np.zeros((num_nodes, num_nodes), dtype=int)\n",
    "for edge in G.edges():\n",
    "    node1, node2 = edge\n",
    "    index1 = nodes.index(node1)\n",
    "    index2 = nodes.index(node2)\n",
    "    adj[index1, index2] = 1\n",
    "    adj[index2, index1] = 1\n",
    "\n",
    "# Converting Adjacency Matrix to Adjacency List\n",
    "graph = dict([])\n",
    "for i in range(num_nodes):\n",
    "    graph[i] = []\n",
    "    for j in range(num_nodes):\n",
    "        if adj[i, j] == 1:\n",
    "            graph[i].append(j)\n",
    "\n",
    "# Solving Maximum Independent Set Using Greedy Algorithm\n",
    "greedy_is = greedy_mis(graph, w)\n",
    "n = len(G.nodes)\n",
    "binary_representation = [1 if i in greedy_is else 0 for i in range(n)]\n",
    "binary_representation.reverse()\n",
    "binary_string = ''.join(map(str, binary_representation))\n",
    "A1 = binary_string\n",
    "a1 = len(greedy_is)\n",
    "Lower = 0\n",
    "for i in range(len(greedy_is)):\n",
    "    Lower += w[str(greedy_is.pop())]\n",
    "print('Lower Bound Found by the Greedy Algorithm：', A1)\n",
    "print('The Number of Lower Bound Points K1 Found by the Greedy Algorithm Is：', a1)\n",
    "print('The Lower Bound Weight Found by the Greedy Algorithm Is：', Lower)\n",
    "\n",
    "# Obtaining the Upper Bound a2 Using the Lovász Function\n",
    "C = np.ones((len(G.nodes), len(G.nodes))) * max(w.values())\n",
    "X = cp.Variable((n, n), PSD=True)\n",
    "constraints = [cp.trace(X) == 1]\n",
    "for i in range(len(adj)):\n",
    "    for j in range(len(adj[0])):\n",
    "        if adj[i][j] == 1:\n",
    "            constraints.append(X[i][j] == 0)\n",
    "prob = cp.Problem(cp.Maximize(cp.trace(C @ X)), constraints)\n",
    "prob.solve()\n",
    "print(X.value)\n",
    "Upper = round(prob.value)\n",
    "a2 = Upper // max(w.values())\n",
    "print('The Number of Upper Bound Points Kl Found by Semidefinite Programming Is：', a2)\n",
    "print('The Upper Bound Weight Found by Semidefinite Programming Is：', Upper)"
   ]
  }
 ],
 "metadata": {
  "kernelspec": {
   "display_name": "Python 3 (ipykernel)",
   "language": "python",
   "name": "python3"
  },
  "language_info": {
   "codemirror_mode": {
    "name": "ipython",
    "version": 3
   },
   "file_extension": ".py",
   "mimetype": "text/x-python",
   "name": "python",
   "nbconvert_exporter": "python",
   "pygments_lexer": "ipython3",
   "version": "3.12.1"
  }
 },
 "nbformat": 4,
 "nbformat_minor": 5
}
