{
 "cells": [
  {
   "cell_type": "code",
   "execution_count": 2,
   "id": "05e38b3e-35b2-4f5a-bef9-603504826ee4",
   "metadata": {},
   "outputs": [
    {
     "name": "stdout",
     "output_type": "stream",
     "text": [
      "图的点集为：[0, 1, 2, 3, 4, 5, 6, 7]\n",
      "图的边集为：[(0, 7), (1, 3), (1, 4), (2, 4), (3, 5), (5, 6), (5, 7)]\n",
      "节点权重: {'0': 12, '1': 13, '2': 14, '3': 5, '4': 18, '5': 20, '6': 1, '7': 19}\n",
      "贪心算法找到的下界： 00110001\n",
      "贪心算法找到的下界点的个数 K1 为： 3\n",
      "贪心算法找到的下界权重为： 50\n",
      "[[ 1.40989692e-01  8.89585984e-02  9.37350954e-02  5.20313621e-02\n",
      "   4.72548754e-02  6.74436617e-02  7.35463342e-02  7.68925861e-11]\n",
      " [ 8.89585984e-02  1.21525460e-01  1.21525934e-01  8.58211790e-11\n",
      "  -9.33104053e-11  6.74437141e-02  5.40821035e-02  3.25672112e-02]\n",
      " [ 9.37350954e-02  1.21525934e-01  1.66951010e-01  4.54254371e-02\n",
      "   8.40115266e-11  7.24384260e-02  9.45129392e-02  7.32162959e-02]\n",
      " [ 5.20313621e-02  8.58211790e-11  4.54254371e-02  1.28474498e-01\n",
      "   8.30494414e-02 -8.11520120e-11  1.28474945e-01  7.64435181e-02]\n",
      " [ 4.72548754e-02 -9.33104053e-11  8.40115266e-11  8.30494414e-02\n",
      "   8.30489812e-02 -4.99487516e-03  8.80441302e-02  3.57944359e-02]\n",
      " [ 6.74436617e-02  6.74437141e-02  7.24384260e-02 -8.11520120e-11\n",
      "  -4.99487516e-03  6.74432546e-02  8.84465634e-11 -4.66465408e-11]\n",
      " [ 7.35463342e-02  5.40821035e-02  9.45129392e-02  1.28474945e-01\n",
      "   8.80441302e-02  8.84465634e-11  1.82556666e-01  1.09010769e-01]\n",
      " [ 7.68925861e-11  3.25672112e-02  7.32162959e-02  7.64435181e-02\n",
      "   3.57944359e-02 -4.66465408e-11  1.09010769e-01  1.09010438e-01]]\n",
      "半正定规划找到的上界点的 Kl 为： 4\n",
      "半正定规划找到的上界权重为： 80\n",
      "-------------------------------------------------\n"
     ]
    }
   ],
   "source": [
    "import numpy as np\n",
    "import networkx as nx\n",
    "import cvxpy as cp\n",
    "import pickle\n",
    "\n",
    "# 读取保存的随机图\n",
    "with open('random_graph.pkl', 'rb') as f:\n",
    "    G, n, p = pickle.load(f)\n",
    "\n",
    "# 获取节点权重\n",
    "w = {str(node): G.nodes[node]['weight'] for node in G.nodes()}\n",
    "\n",
    "print(f'图的点集为：{list(G.nodes)}')\n",
    "print(f'图的边集为：{list(G.edges)}')\n",
    "print(f'节点权重: {w}')\n",
    "\n",
    "# 贪婪算法\n",
    "def greedy_mis(graph, w):\n",
    "    i_set = set()\n",
    "    sorted_graph = sorted(graph, key=lambda node: w[str(node)], reverse=True)\n",
    "    for v in sorted_graph:\n",
    "        i_set.add(v)\n",
    "        if len(graph[v]) != 0:\n",
    "            for w in graph[v]:\n",
    "                if w in sorted_graph:\n",
    "                    sorted_graph.remove(w)\n",
    "    return i_set\n",
    "\n",
    "# Graph 转邻接矩阵\n",
    "nodes = list(G.nodes())\n",
    "num_nodes = len(nodes)\n",
    "adj = np.zeros((num_nodes, num_nodes), dtype=int)\n",
    "for edge in G.edges():\n",
    "    node1, node2 = edge\n",
    "    index1 = nodes.index(node1)\n",
    "    index2 = nodes.index(node2)\n",
    "    adj[index1, index2] = 1\n",
    "    adj[index2, index1] = 1\n",
    "\n",
    "# 邻接矩阵转邻接表\n",
    "graph = dict([])\n",
    "for i in range(num_nodes):\n",
    "    graph[i] = []\n",
    "    for j in range(num_nodes):\n",
    "        if adj[i, j] == 1:\n",
    "            graph[i].append(j)\n",
    "\n",
    "# 使用贪婪算法求解最大独立集\n",
    "greedy_is = greedy_mis(graph, w)\n",
    "n = len(G.nodes)\n",
    "binary_representation = [1 if i in greedy_is else 0 for i in range(n)]\n",
    "binary_representation.reverse()\n",
    "binary_string = ''.join(map(str, binary_representation))\n",
    "A1 = binary_string\n",
    "a1 = len(greedy_is)\n",
    "Lower = 0\n",
    "for i in range(len(greedy_is)):\n",
    "    Lower += w[str(greedy_is.pop())]\n",
    "print('贪心算法找到的下界：', A1)\n",
    "print('贪心算法找到的下界点的个数 K1 为：', a1)\n",
    "print('贪心算法找到的下界权重为：', Lower)\n",
    "\n",
    "# Lovász 函数获取上界 a2\n",
    "C = np.ones((len(G.nodes), len(G.nodes))) * max(w.values())\n",
    "X = cp.Variable((n, n), PSD=True)\n",
    "constraints = [cp.trace(X) == 1]\n",
    "for i in range(len(adj)):\n",
    "    for j in range(len(adj[0])):\n",
    "        if adj[i][j] == 1:\n",
    "            constraints.append(X[i][j] == 0)\n",
    "prob = cp.Problem(cp.Maximize(cp.trace(C @ X)), constraints)\n",
    "prob.solve()\n",
    "print(X.value)\n",
    "Upper = round(prob.value)\n",
    "a2 = Upper // max(w.values())\n",
    "print('半正定规划找到的上界点的 Kl 为：', a2)\n",
    "print('半正定规划找到的上界权重为：', Upper)\n",
    "print('-------------------------------------------------')"
   ]
  }
 ],
 "metadata": {
  "kernelspec": {
   "display_name": "Python 3 (ipykernel)",
   "language": "python",
   "name": "python3"
  },
  "language_info": {
   "codemirror_mode": {
    "name": "ipython",
    "version": 3
   },
   "file_extension": ".py",
   "mimetype": "text/x-python",
   "name": "python",
   "nbconvert_exporter": "python",
   "pygments_lexer": "ipython3",
   "version": "3.12.1"
  }
 },
 "nbformat": 4,
 "nbformat_minor": 5
}
